Date,Germany,Baden-Württemberg,Bayern,Berlin,Brandenburg,Bremen,Hamburg,Hessen,Mecklenburg-Vorpommern,Niedersachsen,Nordrhein-Westfalen,Rheinland-Pfalz,Saarland,Sachsen,Sachsen-Anhalt,Schleswig-Holstein,Thüringen
2003-09-28,839,,,,,,,,,,876,,,,,,
2003-10-05,1040,1207,1306,,,,,1246,,,995,,,,,,
2003-10-12,1171,1407,1432,,,,,1293,,946,1248,,,,,,
2003-10-19,1310,1579,1562,1013,,,972,1238,,1126,1488,1329,,838,,,
2003-10-26,1210,1429,1431,1013,,,1085,1289,,1061,1332,1334,,946,,,
2003-11-02,1055,1214,1112,1087,,,1152,1136,,1038,1097,1271,,870,,,
2003-11-09,1103,1241,1284,1034,,,1138,1233,,1150,1048,1222,,874,,1013,
2003-11-16,1142,1230,1326,1024,,,1074,1150,,1119,1123,1262,,881,,1109,
2003-11-23,991,1199,970,959,,,1132,1220,,1051,942,1303,,866,,1095,
2003-11-30,1071,1083,1108,924,939,,1134,1153,,1117,1186,1484,,977,,1031,
2003-12-07,1287,1345,1398,1108,912,,1163,1281,,1198,1394,1386,,1048,,1074,
2003-12-14,1214,1407,1296,1124,930,,1254,1163,,1284,1282,1369,,1230,,1068,
2003-12-21,950,1144,1153,1035,912,,1239,1143,,1183,1019,1257,,1060,,1091,
2003-12-28,1124,1295,1387,989,886,,1213,1203,,1120,1172,1191,,1058,,1065,
2004-01-04,1291,1284,1277,909,880,,1197,1321,,1310,1277,1237,,1104,,1123,
2004-01-11,1190,1196,1243,1005,879,,1243,1268,,1430,1100,1203,,1227,,1177,
2004-01-18,1135,1245,1114,975,852,,1193,1398,,1398,1061,1183,,1093,,1115,
2004-01-25,1190,1337,1372,970,806,,1125,1270,,1228,1146,1144,,1105,,1088,
2004-02-01,1196,1258,1190,1044,841,,1177,1293,,1143,1286,1118,,1128,,1078,
2004-02-08,1145,1287,1319,954,873,,1248,1221,,1058,1204,1083,,1085,,1020,
2004-02-15,1194,1133,1338,970,885,,1140,1285,,1076,1284,1131,,1028,,1061,
2004-02-22,1308,1528,1560,1078,921,,1062,1555,,1191,1396,1186,,1019,,1176,
2004-02-29,1257,1203,1326,1090,992,,1070,1359,,1283,1384,1227,,1074,,1164,
2004-03-07,1280,1232,1299,1173,1120,,1154,1405,,1294,1476,1246,,1001,,1233,
2004-03-14,1047,1049,1058,1157,1142,,1194,1089,,1210,1143,1179,,933,,1321,
2004-03-21,938,919,967,941,1062,,1190,1041,,991,1024,1068,,849,,1209,
2004-03-28,771,938,770,815,983,,1055,826,,882,836,954,,789,,1095,
2004-04-04,739,819,816,740,884,,986,689,,813,776,945,,729,,1014,
2004-04-11,695,737,794,771,850,,798,641,,696,706,863,,645,,951,
2004-04-18,712,869,756,726,749,,730,697,,624,630,808,,607,,866,
2004-04-25,542,682,623,714,674,,697,565,,609,509,763,,590,,824,
2004-05-02,563,577,553,655,604,,622,510,,588,584,749,,578,,783,
2004-05-09,558,656,560,568,553,,553,599,,518,554,680,,522,,726,
2004-05-16,556,639,585,566,527,,503,626,,531,508,623,,521,,674,
2004-05-23,606,649,643,511,496,,472,610,,539,665,625,,509,,629,
2004-05-30,544,631,667,501,501,,462,555,,541,576,598,,499,,603,
2004-06-06,429,553,547,494,462,,433,484,,507,436,567,,457,,585,
2004-06-13,471,571,465,462,433,,453,450,,453,481,543,,457,,573,
2004-06-20,470,527,454,436,432,,456,421,,450,505,526,,469,,553,
2004-06-27,425,469,433,439,411,,451,453,,406,437,527,,454,,541,
2004-07-04,448,437,449,410,406,,465,464,,399,496,549,,437,,536,
2004-07-11,485,454,453,392,421,,507,484,,416,510,510,,433,,517,
2004-07-18,423,507,450,365,419,,511,453,,387,464,475,,420,,491,
2004-07-25,439,481,474,388,400,,501,431,,422,430,486,,408,,481,
2004-08-01,347,456,437,376,381,,488,381,,390,374,491,,389,,463,
2004-08-08,318,401,369,364,374,,419,349,,357,399,470,,365,,439,
2004-08-15,364,378,337,348,361,,397,351,,312,409,461,,351,,427,
2004-08-22,396,380,418,362,365,,377,327,,309,414,436,,329,,420,
2004-08-29,406,438,432,355,372,,394,372,,301,400,437,,326,,438,
2004-09-05,436,399,453,344,362,,402,420,,336,436,421,,324,,431,
2004-09-12,497,461,465,387,360,,503,484,,436,526,410,,319,,437,
2004-09-19,681,693,579,482,363,,560,756,,528,689,440,,350,,433,335
2004-09-26,858,868,1020,609,365,,623,787,,710,869,501,,451,,424,364
2004-10-03,1030,1056,1025,747,425,,782,1100,,864,1121,688,,622,418,466,416
2004-10-10,1327,1292,1329,884,584,,998,1522,,1145,1338,1177,,940,477,540,446
2004-10-17,1253,1562,1392,1002,711,492,1110,1452,,1140,1302,1389,,929,532,687,571
2004-10-24,1011,1114,1027,1009,822,536,1049,1132,,869,1057,1305,,873,591,815,730
2004-10-31,944,953,1117,888,884,610,946,1044,,898,935,1122,,764,656,903,816
2004-11-07,1118,1277,1139,1015,939,728,1054,1133,,1157,1178,1010,,741,811,968,859
2004-11-14,1162,1309,1225,1203,978,885,1129,1307,,1103,1215,1054,766,761,870,978,951
2004-11-21,1048,1041,1013,1064,1063,936,1153,1098,,973,1110,1043,875,924,898,966,982
2004-11-28,1028,1118,1012,1089,980,933,1021,1114,,1023,1033,938,1067,921,913,998,1041
2004-12-05,1056,1161,1044,1015,868,897,1011,1200,,902,1138,1018,1118,1007,901,942,1049
2004-12-12,1133,1211,1105,945,870,933,1026,1282,,1161,1226,1019,1145,977,858,961,1103
2004-12-19,1132,1227,1192,986,839,967,1017,1117,,1123,1224,1019,1149,1002,887,1013,1088
2004-12-26,1288,1418,1339,1028,1057,1022,1148,1122,,1078,1322,1164,1226,1106,950,1060,1206
2005-01-02,1253,1166,1312,1271,1083,1035,1293,1195,,1218,1379,1136,1286,1149,917,1123,1270
2005-01-09,1104,1026,1180,1140,1058,1032,1116,1084,,1041,1157,1142,1269,1092,950,1155,1256
2005-01-16,1032,1100,1028,931,1003,1003,1071,1066,,1058,1001,1200,1306,919,1045,1104,1256
2005-01-23,1124,1154,1271,929,1032,970,1111,1046,,1056,1129,1302,1232,956,1122,1149,1174
2005-01-30,1417,1553,1616,1133,1166,913,1118,1579,,1214,1443,1312,1261,1002,1132,1211,1153
2005-02-06,2005,2146,2053,1586,1420,977,1586,2008,,1604,2103,1903,1400,1320,1360,1500,1422
2005-02-13,2469,2438,2428,1859,1825,1086,2040,2483,,1926,2619,2131,1630,1834,1578,2156,1861
2005-02-20,2443,2438,2334,2023,2327,1582,2227,2326,,2198,2572,2245,1823,2178,2082,2386,2286
2005-02-27,2025,2109,2046,1651,2091,1953,2055,2013,,2018,2093,2212,2231,1962,1864,2145,2324
2005-03-06,1799,1587,1854,1840,1752,2016,1887,1703,,1737,1796,1745,2519,1969,1872,2202,2121
2005-03-13,1406,1311,1358,1378,1562,1854,1507,1552,,1444,1338,1483,2401,1746,1702,1854,1857
2005-03-20,988,1042,1029,1080,1381,1619,1257,960,,1000,987,1160,2142,1508,1485,1596,1548
2005-03-27,774,738,828,821,1152,1289,1057,856,,852,700,959,2031,1234,1358,1280,1325
2005-04-03,646,739,708,674,955,1094,816,629,,715,629,792,1859,945,1259,1070,1118
2005-04-10,607,580,643,623,818,963,670,614,,566,624,622,1665,802,1119,955,915
2005-04-17,657,782,596,625,743,862,610,698,,581,678,542,1520,745,1026,824,824
2005-04-24,651,691,662,628,692,764,638,704,,605,644,571,1434,701,930,738,754
2005-05-01,596,597,585,636,652,693,607,635,,568,598,552,1374,665,825,659,686
2005-05-08,711,783,749,597,583,610,660,740,,590,720,630,1282,637,742,617,664
2005-05-15,671,609,734,570,559,585,704,662,,607,653,716,1213,612,692,564,622
2005-05-22,570,565,597,470,543,611,566,625,,583,624,691,1100,559,615,522,581
2005-05-29,522,502,526,436,517,604,520,525,,461,546,675,983,538,586,482,564
2005-06-05,529,472,471,444,505,589,515,539,,498,523,587,880,548,542,460,552
2005-06-12,486,439,444,447,506,561,495,444,,513,549,522,780,531,520,468,527
2005-06-19,415,395,426,435,485,574,466,358,,474,416,471,699,499,502,452,483
2005-06-26,399,340,361,362,467,566,429,367,,469,461,422,648,447,469,433,473
2005-07-03,400,374,362,358,463,544,428,339,,443,439,417,616,419,454,448,463
2005-07-10,407,416,427,325,441,531,404,397,,379,402,402,590,401,438,432,459
2005-07-17,442,404,497,354,417,508,424,464,,454,407,426,572,411,452,421,430
2005-07-24,396,412,457,332,405,489,377,379,,433,393,420,570,415,434,428,418
2005-07-31,497,509,556,360,392,477,395,426,,410,476,449,546,453,415,429,390
2005-08-07,505,543,641,385,385,455,439,462,,454,466,480,538,440,406,421,373
2005-08-14,503,572,556,421,393,455,465,465,,493,476,470,520,424,395,416,386
2005-08-21,536,524,545,485,388,449,619,486,397,515,488,465,517,401,367,452,372
2005-08-28,536,500,511,451,384,461,665,516,392,523,573,469,546,399,375,510,371
2005-09-04,538,491,461,436,375,451,675,499,385,497,634,505,573,402,372,515,361
2005-09-11,587,597,549,501,382,453,716,502,383,497,633,568,565,415,379,545,372
2005-09-18,787,790,714,582,381,522,824,789,376,656,845,711,643,465,378,568,399
2005-09-25,916,892,909,681,409,559,853,854,380,921,930,914,691,584,411,558,404
2005-10-02,1019,1084,1099,787,489,601,945,1098,394,878,987,1078,864,734,434,612,464
2005-10-09,1075,1154,1358,988,552,698,885,1156,429,773,928,1135,986,939,494,715,568
2005-10-16,1169,1327,1351,1150,596,788,901,1239,522,1040,1059,1419,1169,987,569,845,633
2005-10-23,1082,1133,1265,859,758,869,940,1160,553,982,1005,1246,1250,902,682,948,811
2005-10-30,979,1026,1080,972,783,892,1053,1020,607,798,909,1130,1218,827,808,1033,889
2005-11-06,1086,1140,1165,893,876,890,954,1101,664,1064,1051,1109,1225,981,884,1027,898
2005-11-13,1211,1409,1179,1074,876,922,1212,1175,758,1084,1219,1161,1129,1056,917,1051,983
2005-11-20,1243,1251,1144,1188,1030,939,1360,1268,838,1146,1283,1237,1140,1094,942,1067,1065
2005-11-27,1220,1255,1179,1162,978,944,1343,1205,855,1038,1337,1099,1096,1035,961,1150,974
2005-12-04,1228,1239,1310,1104,1055,995,1291,1189,876,1128,1212,1257,1156,1049,898,1367,1105
2005-12-11,1249,1334,1234,1278,1038,1027,1167,1245,933,1189,1289,1362,1199,1058,953,1104,1084
2005-12-18,1193,1223,1217,1237,1092,1041,1089,1272,978,1057,1274,1144,1268,1018,1044,1062,1006
2005-12-25,1212,1302,1283,1102,1091,1062,1041,1264,1009,1138,1163,1204,1353,1036,1005,989,1092
2006-01-01,1289,1266,1384,1129,1110,1140,1363,1268,993,1152,1336,1302,1390,1247,946,1119,1191
2006-01-08,1227,1314,1204,1170,1053,1021,1258,1255,948,884,1351,1179,1379,1124,1143,1319,1215
2006-01-15,1113,1065,1143,1131,1108,1003,1113,1208,926,798,1124,1159,1502,1147,1139,1240,1231
2006-01-22,1129,1133,1142,1154,1061,986,1159,1215,929,954,1148,1226,1390,1019,1145,1141,1125
2006-01-29,1180,1126,1271,1262,1088,918,1171,1220,909,1167,1181,1105,1356,975,1121,1180,1081
2006-02-05,1175,1230,1212,1115,1092,910,933,1196,862,1009,1222,1280,1337,966,1013,1295,1117
2006-02-12,1126,1090,1172,1030,1114,952,991,1226,916,845,1205,1179,1355,1128,932,1191,1138
2006-02-19,1162,1192,1065,1146,1110,960,1157,1142,969,1105,1235,1327,1548,1048,907,1055,1185
2006-02-26,1162,1110,1135,967,1117,991,967,1079,995,1119,1251,1412,1601,1018,898,1060,1115
2006-03-05,1129,1148,970,980,1045,976,937,1033,989,1265,1280,1221,1604,966,1039,1024,1158
2006-03-12,1047,949,1006,906,996,1010,969,1103,958,1188,1110,1091,1548,910,1127,939,1192
2006-03-19,1043,950,952,930,876,989,911,974,947,1226,1153,1051,1373,842,1090,956,1296
2006-03-26,899,898,880,926,825,922,919,979,888,977,909,895,1235,776,991,949,1145
2006-04-02,836,740,920,772,775,847,877,947,807,854,804,788,1118,803,1033,947,1068
2006-04-09,729,714,788,685,752,829,811,732,762,811,695,698,1044,745,931,863,953
2006-04-16,665,635,713,618,696,794,768,641,741,523,673,611,943,650,886,816,895
2006-04-23,604,633,610,512,682,730,660,608,750,546,573,611,818,660,788,705,843
2006-04-30,542,545,527,507,653,679,638,509,696,530,553,554,762,604,719,630,802
2006-05-07,541,559,536,526,624,626,600,568,647,593,476,504,691,578,741,582,724
2006-05-14,497,472,512,471,626,591,495,499,599,502,486,514,619,582,667,537,698
2006-05-21,508,509,508,436,579,570,427,570,567,473,504,546,575,597,616,538,611
2006-05-28,573,588,598,476,561,555,450,627,543,645,548,574,567,620,544,509,564
2006-06-04,603,614,670,488,552,524,500,688,556,576,587,604,531,630,509,494,553
2006-06-11,508,440,598,491,548,498,481,488,531,419,492,538,512,634,496,481,534
2006-06-18,418,421,438,406,513,488,461,453,505,297,436,467,473,567,482,488,498
2006-06-25,367,370,341,381,475,470,408,385,471,287,405,419,453,489,471,459,455
2006-07-02,344,337,363,350,446,450,366,354,450,343,328,384,439,406,459,422,454
2006-07-09,338,319,340,334,428,450,387,356,420,370,313,338,424,360,421,404,438
2006-07-16,329,377,388,319,397,433,376,353,415,319,269,324,409,338,394,378,424
2006-07-23,313,287,364,316,381,417,349,342,401,282,275,284,398,341,368,358,401
2006-07-30,332,383,376,299,372,396,323,352,393,331,283,294,389,337,342,347,383
2006-08-06,387,483,432,290,362,374,324,367,394,363,340,323,378,375,337,326,362
2006-08-13,443,525,500,327,340,357,331,458,390,349,402,393,366,406,338,348,363
2006-08-20,502,515,482,387,338,356,413,488,376,407,558,413,345,434,348,358,372
2006-08-27,595,511,586,537,338,366,531,582,383,475,715,450,341,445,348,380,403
2006-09-03,615,476,482,675,342,377,635,646,400,572,739,542,347,504,334,446,422
2006-09-10,644,482,539,648,353,396,710,703,425,655,684,720,400,579,349,594,471
2006-09-17,675,530,634,661,406,416,762,807,447,700,650,763,477,639,421,764,499
2006-09-24,677,664,785,579,455,487,669,772,510,668,602,755,575,611,496,790,544
2006-10-01,729,826,928,563,454,568,652,748,525,643,645,776,673,605,574,711,572
2006-10-08,855,1032,1036,720,562,584,730,915,591,754,717,945,832,689,671,704,646
2006-10-15,975,1079,1224,836,610,614,1062,1081,648,827,829,901,961,859,750,787,740
2006-10-22,883,995,1042,780,622,752,854,883,682,792,808,920,1077,921,750,801,821
2006-10-29,918,1051,912,859,625,806,880,973,762,947,923,959,1144,787,730,771,865
2006-11-05,1044,1063,1055,1065,683,930,928,1102,763,988,1054,1138,1109,832,768,961,897
2006-11-12,1044,1053,1017,977,797,927,899,1105,797,942,1078,1267,1053,1075,788,1179,958
2006-11-19,1037,1014,1085,968,757,889,995,1235,822,983,1028,1227,1043,908,822,1041,1027
2006-11-26,985,958,1002,909,770,847,1105,1131,785,958,964,1048,1109,986,915,905,1045
2006-12-03,1006,1090,1029,888,819,833,1059,1104,815,1034,954,1115,1166,981,1025,900,1023
2006-12-10,1046,1028,1059,1023,808,896,1144,1201,889,1076,983,1078,1237,1042,1004,933,976
2006-12-17,1036,1121,1121,958,791,971,1079,1172,958,1036,958,1151,1182,906,960,932,1032
2006-12-24,1022,991,1055,1065,818,994,1025,1272,963,912,1012,1052,1111,892,908,860,997
2006-12-31,1106,1124,1115,1000,877,1014,1205,1271,942,1051,1106,1167,1183,963,957,841,1127
2007-01-07,1030,1098,1070,890,901,992,1022,1116,981,1035,999,1026,1134,1102,980,895,1020
2007-01-14,910,1017,908,878,969,985,993,963,953,803,859,959,1178,881,1002,845,1024
2007-01-21,1014,1036,1012,993,988,966,1053,973,911,987,994,1116,1103,1083,933,854,1002
2007-01-28,1139,1293,1167,1085,996,984,1047,1172,985,1025,1146,1282,1160,1099,965,918,1073
2007-02-04,1381,1543,1290,1129,1210,1023,1413,1509,968,1311,1325,1391,1258,1424,1117,1024,1113
2007-02-11,1615,1685,1617,1420,1372,1122,1742,1605,1170,1618,1544,1849,1400,1616,1384,1396,1358
2007-02-18,1982,2045,1968,1669,1671,1421,2074,2089,1355,1857,2059,2032,1678,1809,1478,1907,1605
2007-02-25,1922,1961,1797,1712,1882,1734,1978,2005,1475,1819,1983,2037,1707,1918,1512,1954,1854
2007-03-04,1592,1457,1558,1680,1738,1675,1654,1626,1471,1635,1593,1597,1660,1854,1628,1777,1980
2007-03-11,1258,1261,1212,1253,1541,1394,1180,1237,1457,1279,1206,1352,1417,1732,1601,1377,1983
2007-03-18,1110,1039,1115,1086,1404,1184,972,1066,1414,1144,1077,1194,1443,1524,1394,1127,1729
2007-03-25,960,970,984,866,1203,1001,845,950,1260,1014,906,1003,1403,1217,1235,991,1515
2007-04-01,799,828,737,855,1172,843,778,842,1162,833,797,796,1223,899,1129,875,1222
2007-04-08,747,760,727,773,995,818,714,799,1047,721,727,711,1100,880,1036,755,1070
2007-04-15,648,688,691,601,881,777,627,673,870,684,575,692,938,761,969,619,924
2007-04-22,560,534,574,583,763,702,635,529,789,526,555,577,833,733,861,576,821
2007-04-29,468,398,490,532,668,632,558,471,699,426,432,518,744,700,791,542,800
2007-05-06,524,480,537,504,622,623,518,494,630,643,489,514,662,606,709,578,726
2007-05-13,520,496,520,512,580,577,520,543,592,589,480,612,612,549,652,520,665
2007-05-20,503,494,465,434,538,533,552,555,571,522,482,558,624,553,610,503,594
2007-05-27,486,446,479,383,537,489,551,497,536,572,447,557,635,524,544,501,546
2007-06-03,436,478,416,399,516,463,491,491,504,453,405,529,628,468,515,499,507
2007-06-10,415,431,396,373,487,477,456,423,473,377,413,392,643,425,520,455,493
2007-06-17,408,358,375,419,484,471,492,390,455,442,400,441,681,366,514,413,479
2007-06-24,438,389,402,470,475,449,505,491,455,472,423,496,651,360,497,406,532
2007-07-01,476,536,429,480,433,453,515,529,445,474,441,454,601,401,473,402,525
2007-07-08,542,549,579,549,438,476,558,555,427,621,487,506,571,506,498,448,507
2007-07-15,461,481,501,476,413,451,558,418,418,506,404,503,546,528,513,508,544
2007-07-22,422,490,449,501,392,467,564,392,407,470,368,468,498,441,505,475,527
2007-07-29,446,497,478,521,379,460,488,484,402,447,367,459,483,418,504,453,508
2007-08-05,385,405,433,396,377,449,434,397,398,383,369,436,464,406,476,388,504
2007-08-12,387,441,387,352,383,427,425,368,389,347,412,377,426,393,456,346,494
2007-08-19,429,424,407,398,385,422,406,376,388,330,513,444,421,376,443,336,472
2007-08-26,490,423,445,472,374,401,429,478,386,461,610,524,422,416,416,353,440
2007-09-02,602,518,524,517,402,426,622,619,380,564,749,591,484,513,422,463,458
2007-09-09,717,580,583,702,470,449,764,716,383,713,826,749,563,562,464,575,472
2007-09-16,865,736,768,891,519,640,895,819,417,811,932,865,762,684,513,726,605
2007-09-23,872,878,862,942,606,763,941,888,526,860,824,914,988,807,679,758,748
2007-09-30,861,879,1132,921,722,824,868,824,650,903,713,879,1023,820,782,726,741
2007-10-07,1039,1039,1284,1001,805,843,968,941,807,1127,883,1003,971,1203,834,826,821
2007-10-14,1016,1101,1268,982,873,859,1041,930,908,1024,890,976,902,874,933,921,880
2007-10-21,1061,1144,1193,1044,884,889,975,944,957,1154,1011,1059,977,1009,980,1009,1054
2007-10-28,978,1002,1068,889,932,937,933,895,915,870,961,881,923,839,1034,885,1066
2007-11-04,1110,1125,1129,988,881,838,1044,1000,853,1043,1150,1059,958,1262,1069,805,965
2007-11-11,1111,1168,1021,1017,884,796,1087,1019,799,927,1146,1067,867,1087,1021,751,916
2007-11-18,1166,1055,1101,1150,874,803,1017,1059,796,1154,1148,1113,914,1194,1056,838,953
2007-11-25,1156,1113,1065,1186,908,850,1068,1069,826,1226,1194,1195,927,1115,972,858,911
2007-12-02,1064,1068,1102,1050,878,887,995,1041,829,1012,986,852,930,968,974,838,915
2007-12-09,1113,1126,1081,1215,867,833,1085,1004,776,1071,1036,1035,945,1244,906,947,889
2007-12-16,1163,1177,1216,1271,847,901,1142,1053,799,1133,1067,1084,978,1142,879,926,1035
2007-12-23,1132,1086,1241,1233,768,897,1121,1013,747,1097,1036,925,1131,996,888,877,1067
2007-12-30,1297,1341,1381,1358,851,1009,1276,1128,808,1287,1209,1176,1178,1463,999,985,1195
2008-01-06,1267,1324,1328,1406,1031,1377,1237,1126,930,1225,1190,1254,1311,1427,1099,1169,1589
2008-01-13,1131,1311,1169,1227,1328,1233,1141,1032,1092,1190,1014,1173,1231,1310,1297,944,1425
2008-01-20,1121,1313,1243,1171,1122,1079,1097,927,1079,1082,1048,1155,1192,1302,1272,848,1333
2008-01-27,1179,1398,1324,1193,1060,923,1168,1044,986,1142,1098,1254,1214,1214,1241,924,1429
2008-02-03,1461,1633,1416,1331,1030,1008,1231,1299,961,1395,1549,1859,1321,1496,1354,1112,1571
2008-02-10,1599,1813,1582,1313,1195,1067,1373,1560,1017,1442,1781,1938,1494,1349,1475,1050,1658
2008-02-17,1594,1766,1459,1510,1320,1272,1481,1475,1048,1550,1752,1869,1512,1505,1486,1251,1516
2008-02-24,1366,1589,1313,1321,1240,1317,1206,1240,1132,1412,1384,1484,1407,1425,1432,1209,1475
2008-03-02,1142,1287,1140,1097,1177,1219,1088,1015,1044,1102,1184,1123,1339,1261,1447,1101,1385
2008-03-09,1053,1190,1041,1068,1016,1130,1023,931,1038,1145,1054,1152,1214,1030,1316,1022,1201
2008-03-16,885,937,889,846,994,1075,906,741,886,866,884,936,1121,1173,1218,950,1120
2008-03-23,860,931,882,823,979,968,874,734,834,850,822,895,1032,1110,1053,967,1123
2008-03-30,762,750,743,818,934,890,912,608,805,815,730,695,963,999,987,862,1146
2008-04-06,734,738,718,779,909,848,739,567,741,762,769,686,854,861,1040,749,1095
2008-04-13,708,710,690,721,893,763,823,535,840,777,689,732,782,880,1049,763,928
2008-04-20,751,847,664,730,882,698,700,544,823,848,711,700,806,942,939,755,848
2008-04-27,664,886,595,699,890,656,624,519,829,736,634,646,804,803,914,643,737
2008-05-04,585,867,609,588,838,624,636,429,776,573,550,561,709,717,803,570,697
2008-05-11,464,728,468,465,827,570,459,355,709,441,415,494,671,644,759,517,654
2008-05-18,465,674,486,496,735,507,475,348,644,523,430,446,618,506,689,511,610
2008-05-25,425,663,404,420,666,470,425,285,605,439,424,447,574,459,638,455,546
2008-06-01,392,616,357,419,649,446,420,283,574,404,368,375,526,455,587,428,513
2008-06-08,410,645,365,458,591,439,352,280,508,455,404,353,475,404,532,435,452
2008-06-15,444,707,474,392,531,445,430,308,477,440,408,379,456,421,488,459,435
2008-06-22,439,642,408,365,499,438,465,309,459,459,464,449,437,444,468,493,411
2008-06-29,433,609,389,435,462,464,458,313,450,469,438,445,448,426,437,481,400
2008-07-06,433,617,399,444,437,471,470,320,432,501,452,398,451,374,433,448,423
2008-07-13,436,626,490,381,435,485,439,290,406,451,434,360,433,390,443,418,447
2008-07-20,421,668,466,395,413,463,471,271,393,396,399,350,446,441,462,411,475
2008-07-27,352,559,401,334,385,459,394,232,366,346,341,353,434,403,481,405,455
2008-08-03,356,596,396,391,371,437,360,229,361,345,314,318,409,387,446,428,453
2008-08-10,348,556,373,334,362,406,384,263,360,324,327,298,404,350,427,394,422
2008-08-17,365,499,399,352,363,387,359,280,343,309,387,334,391,369,392,364,403
2008-08-24,424,452,392,401,356,383,387,324,350,435,488,439,419,384,404,351,393
2008-08-31,519,413,401,376,359,386,447,561,351,517,619,520,452,448,396,349,386
2008-09-07,620,532,468,496,373,441,515,737,376,593,706,690,508,519,413,517,432
2008-09-14,816,773,657,744,468,586,709,841,466,859,845,1039,711,731,447,744,519
2008-09-21,915,988,834,811,697,799,948,948,601,913,896,932,809,736,523,832,659
2008-09-28,922,1076,997,950,936,913,897,937,775,912,797,935,851,840,669,842,692
2008-10-05,1021,1065,1236,1043,982,858,997,999,829,1044,910,966,903,1052,779,841,771
2008-10-12,955,1031,1066,1002,974,759,1007,893,833,863,906,973,873,958,808,871,735
2008-10-19,942,971,1076,965,925,718,896,978,847,904,883,867,858,830,897,946,795
2008-10-26,891,911,972,897,915,721,939,942,800,815,879,801,794,974,858,773,852
2008-11-02,930,966,910,929,791,880,907,963,828,885,966,985,767,884,904,707,838
2008-11-09,955,935,946,908,812,921,895,1017,794,876,991,1017,802,1017,908,764,997
2008-11-16,1018,944,989,988,839,931,1008,1140,854,992,1050,1104,997,978,844,955,996
2008-11-23,1012,947,979,956,901,885,1099,993,837,1043,1074,1145,1029,1043,848,913,941
2008-11-30,1031,957,981,1055,848,907,1055,1132,884,1064,1078,1164,1078,933,851,913,854
2008-12-07,1165,1047,1154,1178,916,937,1154,1154,1024,1191,1238,1200,1096,1099,895,1100,915
2008-12-14,1401,1194,1314,1457,1088,1245,1412,1308,1226,1424,1647,1170,1172,1163,993,1515,1197
2008-12-21,1315,1142,1336,1453,1174,1422,1627,1100,1364,1564,1356,1144,1294,1243,1015,1242,1244
2008-12-28,1685,1455,1641,1672,1341,1440,1930,1601,1465,1969,1780,1413,1613,1514,1092,1912,1370
2009-01-04,1862,1581,1587,2106,1639,1833,2186,1789,1795,2187,1915,1512,1994,1717,1151,2123,1993
2009-01-11,1856,1687,1750,2222,1968,2029,2167,1746,1855,2000,1715,1685,1862,1982,1482,1806,2316
2009-01-18,1995,1980,1996,2382,2367,2079,1992,1934,2001,1933,1668,2150,1913,2515,1842,1701,2506
2009-01-25,1930,2095,2100,2117,2233,1768,1687,2006,2041,1684,1534,2122,1959,2680,2186,1588,2695
2009-02-01,1864,2205,1919,1862,2077,1676,1497,1945,2388,1686,1519,2067,1868,2472,2047,1577,2396
2009-02-08,1603,1985,1739,1440,1780,1413,1356,1708,1868,1419,1341,1732,1858,2122,1961,1351,1722
2009-02-15,1370,1643,1481,1194,1411,1358,1290,1465,1410,1215,1183,1591,1645,1541,1555,1176,1801
2009-02-22,1222,1462,1198,1036,1315,1179,1175,1332,1166,1169,1143,1447,1340,1289,1335,1046,1293
2009-03-01,1142,1343,1063,1017,1123,1070,1005,1172,1001,1090,1108,1402,1182,1260,1150,1142,1267
2009-03-08,1000,1028,950,989,1052,1019,970,1081,931,1091,967,1072,1088,1039,1047,895,1075
2009-03-15,882,906,827,841,938,886,823,862,900,939,890,980,1002,994,956,855,910
2009-03-22,838,865,854,841,904,807,749,805,888,819,821,860,868,986,917,803,915
2009-03-29,739,770,734,727,831,749,702,775,833,700,723,744,850,803,863,714,885
2009-04-05,611,656,593,626,728,661,562,610,749,557,600,594,730,803,775,651,806
2009-04-12,557,650,546,552,693,594,654,543,697,542,488,528,663,670,709,624,718
2009-04-19,539,584,560,516,642,583,610,486,634,499,506,503,591,635,653,584,667
2009-04-26,516,585,565,508,561,560,586,507,590,488,495,509,553,566,596,548,640
2009-05-03,530,596,520,465,509,546,599,507,551,498,535,590,536,537,569,539,616
2009-05-10,533,523,562,498,509,528,548,516,547,564,527,516,512,513,538,537,624
2009-05-17,476,445,478,502,505,518,515,475,537,517,458,550,528,484,515,489,571
2009-05-24,460,427,444,442,475,453,527,468,531,538,460,513,556,456,475,434,503
2009-05-31,431,407,428,469,466,462,430,473,521,457,397,462,538,467,451,403,451
2009-06-07,426,369,415,484,450,478,441,424,477,459,436,362,475,494,427,397,433
2009-06-14,443,391,436,494,431,447,515,430,451,453,433,380,430,512,441,502,462
2009-06-21,409,358,391,440,412,496,424,378,445,446,395,459,422,522,412,472,472
2009-06-28,352,342,401,359,407,453,395,361,422,332,298,369,414,466,400,458,470
2009-07-05,358,387,403,358,370,401,368,344,416,322,324,324,379,409,384,392,367
2009-07-12,370,379,421,370,366,365,359,336,398,347,342,368,363,438,387,370,340
2009-07-19,414,442,445,374,349,366,385,404,392,397,396,388,352,413,393,357,307
2009-07-26,447,503,438,403,342,351,426,443,385,427,411,454,386,463,396,365,301
2009-08-02,389,432,449,348,337,341,415,363,365,366,364,417,392,401,389,360,342
2009-08-09,381,406,383,363,319,352,408,340,371,363,378,330,374,412,369,350,393
2009-08-16,368,368,374,356,316,346,388,372,357,396,349,306,370,432,378,351,434
2009-08-23,390,374,365,336,324,364,379,388,347,482,405,324,390,406,371,338,444
2009-08-30,449,373,387,398,350,384,398,446,352,479,512,429,405,447,368,353,425
2009-09-06,564,459,443,506,408,462,613,602,378,587,617,604,429,545,382,426,508
2009-09-13,661,571,514,603,546,607,702,691,440,679,705,718,542,692,400,602,618
2009-09-20,697,583,615,735,602,730,657,747,491,711,718,724,671,773,442,821,665
2009-09-27,805,773,815,770,643,721,744,832,611,691,815,765,778,885,492,758,721
2009-10-04,915,950,1064,835,735,751,821,845,681,740,908,834,865,956,524,780,810
2009-10-11,993,1046,1157,943,1003,831,982,1024,717,836,913,917,944,1094,629,838,874
2009-10-18,1028,1160,1210,966,1029,883,942,974,820,910,944,905,1038,1068,738,900,1008
2009-10-25,1099,1099,1454,1099,946,985,931,1045,840,1018,994,1088,1021,1128,874,815,1120
2009-11-01,1396,1418,1668,1226,1153,1665,1257,1372,1048,1422,1228,1382,1014,1475,996,1036,1626
2009-11-08,1687,1577,1626,1464,1337,2056,1664,1796,1288,1787,1563,1721,1258,2033,1301,1419,1789
2009-11-15,1568,1636,1341,1488,1352,1646,1512,1720,1416,1637,1558,1695,1484,1796,1593,1505,1696
2009-11-22,1305,1389,1123,1281,1262,1328,1318,1441,1325,1297,1272,1389,1403,1629,1517,1279,1418
2009-11-29,1042,1106,909,1128,1213,1007,994,1082,1189,1036,1002,1113,1226,1275,1337,1097,1122
2009-12-06,982,1042,909,972,1154,845,1068,1037,1073,973,911,923,1099,1261,1198,1063,1092
2009-12-13,955,944,921,1052,1006,776,1050,971,1046,910,894,963,1080,1176,1059,1112,1066
2009-12-20,783,755,768,882,915,772,802,767,1062,777,720,806,986,1071,989,898,992
2009-12-27,865,785,895,930,1027,829,920,845,1065,853,794,820,897,1045,996,853,990
2010-01-03,877,771,808,1017,1037,857,951,873,965,930,863,884,811,1115,957,864,1013
2010-01-10,769,755,760,879,897,785,803,756,835,719,729,781,801,892,926,714,932
2010-01-17,767,718,750,918,815,696,838,748,786,699,733,764,792,893,924,716,778
2010-01-24,880,817,818,998,840,763,878,883,800,807,851,870,821,1037,827,758,920
2010-01-31,877,950,881,927,868,804,861,846,780,743,853,904,870,934,824,809,881
2010-02-07,931,983,885,1061,967,852,914,902,801,927,870,1075,908,975,769,939,906
2010-02-14,946,1013,896,929,988,1035,853,899,791,872,962,1167,1056,932,762,915,904
2010-02-21,979,1026,901,904,1042,976,842,1069,769,847,1034,1075,1210,988,763,823,991
2010-02-28,826,859,792,784,937,847,746,884,755,740,849,899,1122,899,725,803,893
2010-03-07,784,806,745,815,796,790,728,781,782,747,800,838,974,813,697,745,831
2010-03-14,699,700,677,691,759,664,620,717,804,658,722,763,853,838,670,666,784
2010-03-21,627,648,639,635,662,622,565,610,739,580,622,665,778,737,642,628,662
2010-03-28,515,554,512,544,600,568,500,528,664,434,482,609,736,609,573,512,590
2010-04-04,498,490,501,531,555,519,463,499,570,461,483,514,655,624,539,446,548
2010-04-11,497,527,490,499,499,495,513,476,520,500,460,497,590,663,538,474,514
2010-04-18,490,484,457,514,504,480,504,504,492,516,477,483,536,582,527,458,498
2010-04-25,472,441,481,514,499,478,513,457,468,472,439,446,474,534,530,417,509
2010-05-02,490,499,495,476,507,468,492,473,489,470,444,470,449,618,542,423,520
2010-05-09,508,489,511,506,520,462,533,483,483,565,498,483,442,561,582,417,551
2010-05-16,594,613,609,563,511,467,568,615,488,615,576,553,494,648,582,514,556
2010-05-23,491,513,523,484,520,474,511,521,490,457,433,464,533,548,554,535,551
2010-05-30,424,420,418,448,484,460,437,439,492,466,375,434,527,497,493,459,560
2010-06-06,365,347,363,329,443,451,408,351,457,406,354,382,512,476,423,426,486
2010-06-13,346,336,334,365,415,434,385,387,443,346,309,343,482,461,394,355,420
2010-06-20,354,362,371,340,390,402,370,375,413,382,318,338,448,408,366,354,381
2010-06-27,306,320,338,312,362,381,342,324,385,291,252,306,406,368,352,360,355
2010-07-04,281,291,298,303,321,344,318,277,371,243,255,272,365,368,323,357,345
2010-07-11,254,280,260,248,300,327,283,260,335,230,245,238,341,348,312,313,316
2010-07-18,282,313,317,245,289,301,300,288,310,241,261,235,331,299,300,282,299
2010-07-25,305,359,376,241,278,265,286,283,291,238,282,267,327,306,288,264,294
2010-08-01,316,367,384,280,269,239,270,317,285,290,283,299,323,334,275,271,286
2010-08-08,335,383,372,264,269,235,313,326,280,332,315,277,314,372,275,276,286
2010-08-15,385,409,408,324,272,250,391,369,280,425,345,323,321,414,314,319,307
2010-08-22,432,416,379,410,310,295,416,514,295,500,381,405,336,456,420,357,389
2010-08-29,557,507,471,561,365,419,551,689,358,675,477,539,394,630,544,469,539
2010-09-05,745,562,552,905,549,581,862,853,461,871,708,783,484,844,663,774,596
2010-09-12,835,627,648,971,886,649,889,919,637,796,918,854,659,908,803,812,702
2010-09-19,896,747,753,997,902,721,1036,931,808,801,979,909,796,911,891,833,770
2010-09-26,938,944,922,954,840,738,908,891,897,794,993,883,878,776,871,815,721
2010-10-03,916,1029,1075,846,808,791,833,899,884,806,879,818,908,848,878,810,747
2010-10-10,927,1066,1079,846,834,783,843,945,836,836,853,796,943,940,1014,766,818
2010-10-17,831,900,965,823,790,761,773,852,799,757,731,822,866,900,970,737,848
2010-10-24,791,836,851,808,769,684,810,767,804,781,687,829,860,929,923,689,863
2010-10-31,729,720,742,725,711,691,749,770,757,706,659,717,827,971,908,666,834
2010-11-07,771,776,765,770,746,729,876,744,733,785,728,711,835,899,938,720,899
2010-11-14,744,698,724,737,752,791,754,725,731,742,731,732,776,855,871,799,936
2010-11-21,807,763,777,776,756,805,881,809,762,852,782,815,784,971,841,767,896
2010-11-28,824,827,812,779,808,776,918,838,770,864,814,816,767,873,844,734,822
2010-12-05,895,841,883,904,814,830,1011,908,767,936,885,823,835,956,822,927,822
2010-12-12,920,895,905,945,937,851,920,932,767,934,931,944,817,1024,844,821,886
2010-12-19,896,814,949,926,926,789,1002,885,790,893,953,800,827,889,826,769,834
2010-12-26,1076,1020,1101,1035,964,837,1169,1061,831,1048,1148,1003,789,1116,898,929,833
2011-01-02,1218,1034,1147,1326,1135,1146,1289,1174,996,1231,1248,1151,903,1295,1112,1224,1152
2011-01-09,1099,1058,1077,1274,1095,1041,1281,994,1205,1142,1062,964,1113,1155,1023,1175,1019
2011-01-16,1148,1037,1070,1371,1168,1047,1410,1135,1215,1203,1123,958,1137,1303,938,1177,1042
2011-01-23,1261,1196,1188,1427,1215,1232,1303,1173,1419,1290,1255,1178,1218,1363,1101,1258,1261
2011-01-30,1469,1430,1316,1434,1569,1399,1512,1393,1738,1502,1518,1494,1517,1535,1515,1536,1488
2011-02-06,1429,1443,1291,1350,1349,1321,1417,1396,1736,1473,1438,1623,1871,1490,1716,1535,1419
2011-02-13,1244,1247,1207,1153,1290,1232,1226,1232,1418,1301,1186,1274,1648,1529,1351,1284,1344
2011-02-20,1095,1052,1071,1108,1317,1082,1145,1070,1255,1168,1039,1090,1404,1176,1185,1271,1221
2011-02-27,1037,974,957,1156,1248,1166,1110,1040,1235,1119,932,1017,1268,1185,1166,1243,1185
2011-03-06,1003,962,862,1016,1208,1110,1030,967,1240,1086,981,1045,1265,1067,1122,1216,1208
2011-03-13,967,929,788,998,1171,1055,930,963,1216,985,991,966,1288,1155,1136,881,1212
2011-03-20,798,776,735,866,1000,937,734,751,1072,833,791,769,1111,966,954,771,1042
2011-03-27,687,675,631,662,855,756,690,684,990,645,684,676,943,817,829,668,907
2011-04-03,625,649,613,629,769,657,545,630,831,626,592,650,829,757,794,593,768
2011-04-10,596,616,608,567,680,570,544,612,804,573,573,597,691,711,658,603,696
2011-04-17,465,461,426,480,602,501,571,470,680,465,435,462,627,589,609,547,638
2011-04-24,398,374,371,449,540,443,442,417,619,421,351,398,536,533,532,458,549
2011-05-01,383,395,366,406,486,394,405,379,547,392,340,394,475,483,477,425,460
2011-05-08,327,307,343,362,449,358,383,304,499,307,297,331,418,389,412,389,404
2011-05-15,328,322,307,353,418,331,358,351,443,332,294,308,392,376,393,371,402
2011-05-22,321,327,300,289,386,312,364,308,420,341,307,325,370,389,368,361,387
2011-05-29,284,262,261,266,371,304,344,275,380,324,291,299,356,348,348,346,366
2011-06-05,287,264,295,301,341,298,314,255,350,277,283,280,344,293,312,319,369
2011-06-12,265,264,270,278,329,305,299,252,329,264,257,251,338,289,303,296,333
2011-06-19,272,237,278,269,316,295,302,268,312,266,269,245,324,272,284,292,300
2011-06-26,269,249,261,293,308,304,311,268,287,281,268,244,317,255,268,280,275
2011-07-03,295,245,292,297,299,294,317,314,276,294,306,259,304,336,260,297,258
2011-07-10,280,238,258,271,285,277,305,275,267,271,323,283,293,326,253,311,265
2011-07-17,282,288,278,248,270,272,315,267,252,259,304,287,282,268,255,289,252
2011-07-24,286,284,319,288,260,252,331,261,247,259,297,254,273,262,268,277,266
2011-07-31,298,325,331,320,276,250,310,312,245,238,325,247,275,274,267,280,264
2011-08-07,297,300,319,274,278,242,325,309,248,243,311,241,280,274,275,275,279
2011-08-14,263,238,259,273,269,232,309,301,252,241,267,247,275,262,284,268,290
2011-08-21,256,217,248,293,269,231,315,285,260,252,232,245,274,257,272,278,271
2011-08-28,316,263,258,370,272,229,353,399,264,333,287,290,292,254,294,294,298
2011-09-04,352,258,264,432,293,257,451,415,277,392,289,407,316,295,309,369,348
2011-09-11,396,297,287,493,337,297,477,435,323,451,361,414,353,461,327,443,374
2011-09-18,506,412,441,549,364,352,592,554,374,555,499,496,382,514,371,477,458
2011-09-25,599,487,549,635,468,444,650,584,441,646,592,561,460,605,437,526,485
2011-10-02,611,568,652,640,516,486,643,581,561,616,600,502,503,626,484,544,566
2011-10-09,726,687,797,699,550,538,820,657,648,682,741,590,542,774,547,550,658
2011-10-16,817,820,833,850,635,635,861,824,718,732,824,661,592,798,635,591,719
2011-10-23,806,804,820,807,676,739,832,828,805,717,800,811,636,825,797,657,743
2011-10-30,753,692,732,851,757,785,785,792,890,736,734,734,736,809,863,691,830
2011-11-06,866,828,828,1006,809,746,944,988,905,851,799,882,765,956,848,794,825
2011-11-13,909,819,846,1020,836,750,978,1037,940,890,854,962,817,974,848,856,900
2011-11-20,921,844,776,1092,877,831,995,1024,903,1003,864,846,901,1030,1051,1015,983
2011-11-27,929,860,832,1100,965,907,1057,1017,940,904,864,906,890,1071,1156,971,944
2011-12-04,924,816,822,1033,1039,944,978,991,940,987,905,888,869,1088,1210,898,986
2011-12-11,933,859,820,1063,1006,882,987,941,967,933,937,882,842,1097,1125,934,1066
2011-12-18,914,842,866,1094,983,890,1043,884,931,917,898,768,828,1087,982,913,1016
2011-12-25,920,841,855,1111,965,844,985,970,955,882,891,827,793,1134,930,948,1029
2012-01-01,892,820,796,1064,948,825,1017,874,897,821,880,837,813,1106,964,869,1050
2012-01-08,815,799,789,944,884,791,931,818,896,762,751,742,778,923,1070,812,928
2012-01-15,739,702,705,855,778,731,818,735,794,699,724,669,745,906,877,732,843
2012-01-22,767,755,732,851,727,694,870,749,821,722,743,788,763,805,795,683,859
2012-01-29,862,867,803,902,738,679,967,877,813,835,863,795,881,946,786,783,917
2012-02-05,956,926,889,1077,826,723,1060,987,871,868,973,857,938,1001,877,855,986
2012-02-12,1028,1038,1021,1127,908,793,1082,1085,893,985,1017,1009,976,991,949,819,938
2012-02-19,1144,1162,1091,1209,997,916,1108,1168,878,970,1253,1145,966,1008,1075,881,1010
2012-02-26,1123,1136,1100,1039,981,944,1170,1224,937,994,1197,1121,996,1146,1018,858,1058
2012-03-04,1008,971,1069,991,951,856,1075,1090,966,924,1025,1008,1020,1004,978,784,999
2012-03-11,957,961,1030,969,902,794,971,931,941,833,966,908,986,1056,897,856,940
2012-03-18,840,820,876,891,869,747,834,786,958,766,842,818,937,993,854,784,896
2012-03-25,693,683,752,747,814,719,586,650,861,642,681,639,847,826,736,685,878
2012-04-01,574,535,612,618,700,618,603,597,784,476,581,482,744,644,669,570,792
2012-04-08,586,525,577,668,642,581,762,555,718,518,552,540,718,694,650,496,757
2012-04-15,579,586,557,643,576,511,657,550,665,595,548,469,607,736,638,545,799
2012-04-22,527,493,494,566,539,464,600,532,658,515,513,522,565,669,613,525,726
2012-04-29,434,420,400,456,517,478,481,447,593,387,433,492,518,516,533,458,615
2012-05-06,435,413,384,433,492,456,495,429,541,443,450,431,502,533,471,427,512
2012-05-13,440,405,389,470,458,436,512,440,507,449,483,382,451,445,460,400,476
2012-05-20,407,373,380,416,431,418,463,406,473,407,440,375,426,440,404,375,462
2012-05-27,366,352,375,402,391,402,375,371,434,365,354,368,423,397,419,344,436
2012-06-03,365,303,331,422,374,387,481,370,397,359,387,362,399,409,384,316,416
2012-06-10,377,293,341,435,374,370,414,392,389,381,393,359,375,420,387,322,400
2012-06-17,381,287,285,386,357,378,415,426,366,412,432,391,351,422,408,382,394
2012-06-24,398,326,331,436,366,371,419,389,369,420,459,388,350,408,408,423,384
2012-07-01,381,334,306,419,377,377,384,383,383,414,422,379,357,376,426,404,390
2012-07-08,372,357,315,362,376,373,403,378,366,417,391,355,376,368,412,382,383
2012-07-15,386,360,367,400,369,375,398,391,372,401,416,334,381,361,400,363,377
2012-07-22,347,353,349,384,343,355,356,354,370,337,355,344,376,324,374,350,369
2012-07-29,328,341,328,326,325,364,338,309,347,316,335,314,385,311,377,323,361
2012-08-05,330,322,310,343,324,338,402,344,326,337,325,304,365,336,360,295,361
2012-08-12,319,298,305,380,312,333,396,323,321,291,295,320,349,354,359,303,344
2012-08-19,301,265,259,419,303,321,385,318,309,262,289,307,331,317,333,313,324
2012-08-26,358,287,292,486,301,310,425,425,302,301,343,337,322,350,322,357,328
2012-09-02,437,363,350,543,344,313,472,498,309,376,468,413,324,383,349,438,349
2012-09-09,508,386,376,615,400,309,584,594,380,497,553,522,364,409,361,520,369
2012-09-16,627,491,516,747,471,352,670,717,439,616,671,741,438,658,430,577,416
2012-09-23,718,611,627,758,554,475,751,725,522,751,778,780,576,717,522,622,537
2012-09-30,743,704,775,766,582,620,761,793,584,757,739,716,684,746,646,652,605
2012-10-07,914,873,964,912,639,729,875,957,631,908,882,845,790,813,789,685,754
2012-10-14,923,930,1014,929,666,823,977,988,736,948,848,891,825,974,970,680,963
2012-10-21,864,835,917,931,757,838,859,874,783,833,833,893,772,1006,965,727,877
2012-10-28,815,764,804,953,758,786,864,883,791,775,779,850,760,838,844,770,786
2012-11-04,870,814,869,1008,808,762,834,903,719,829,842,896,754,886,1012,769,817
2012-11-11,860,772,824,959,831,766,844,963,799,914,819,875,878,922,930,760,874
2012-11-18,850,731,795,921,831,776,927,886,800,968,842,858,875,888,1005,806,899
2012-11-25,836,770,778,901,802,809,880,904,824,833,847,943,859,843,1020,839,790
2012-12-02,872,808,805,917,876,766,932,874,799,972,887,844,752,930,921,864,839
2012-12-09,936,835,807,1070,864,785,1072,865,883,1043,984,927,761,1013,976,898,988
2012-12-16,1042,832,897,1206,981,901,1280,974,889,1181,1120,923,830,1196,1132,1185,1139
2012-12-23,1157,884,1083,1342,1093,1043,1397,1119,991,1334,1195,1046,939,1364,1297,1264,1169
2012-12-30,1187,1016,1074,1334,1189,1156,1361,1072,1146,1320,1204,1043,979,1580,1411,1417,1312
2013-01-06,1015,887,934,1157,1184,960,1095,881,1120,1197,985,867,948,1420,1130,1018,1112
2013-01-13,1033,950,967,1180,1127,839,968,991,1030,1143,1019,977,879,1341,944,911,1049
2013-01-20,1332,1168,1169,1481,1307,1110,1197,1212,1197,1522,1386,1319,935,1824,1367,1174,1439
2013-01-27,1641,1429,1340,1866,1633,1586,1563,1535,2008,1914,1724,1647,1482,2164,1932,1532,1848
2013-02-03,1876,1600,1532,1929,2055,1686,1656,1786,2141,2161,1957,1824,1846,2393,1926,1512,2190
2013-02-10,2063,1823,1590,1766,1853,1556,1736,2176,1940,2041,2449,1614,2463,1985,1977,1552,2202
2013-02-17,2023,1913,1634,1840,1704,1831,1636,2194,1730,1888,2419,2355,2560,1897,1885,1451,2179
2013-02-24,1752,1678,1448,1632,1627,1670,1477,1918,1464,1804,1996,2019,1964,1827,1771,1490,1722
2013-03-03,1461,1411,1374,1442,1418,1802,1373,1498,1379,1581,1497,1581,1728,1420,1493,1323,1596
2013-03-10,1237,1220,1150,1295,1322,1452,1275,1202,1273,1355,1214,1247,1371,1415,1387,1119,1423
2013-03-17,1104,1034,1004,1253,1357,1316,1160,1046,1328,1205,1091,957,1083,1350,1243,1101,1308
2013-03-24,950,891,871,1092,1241,1011,988,956,1390,911,944,859,918,1192,1118,1068,1186
2013-03-31,916,832,807,1049,1270,900,1049,840,1447,962,870,762,809,1248,1190,969,1236
2013-04-07,800,711,730,1004,1128,901,973,775,1230,813,732,736,723,1142,1058,817,1114
2013-04-14,632,569,595,723,898,687,759,624,1017,649,609,574,649,885,823,597,883
2013-04-21,577,532,532,591,709,577,667,564,814,557,599,564,605,688,709,525,726
2013-04-28,556,544,537,582,649,514,653,553,725,501,550,511,548,685,618,503,665
2013-05-05,492,523,479,466,563,445,555,487,631,499,466,463,514,654,577,474,604
2013-05-12,518,547,534,502,521,431,578,491,560,484,497,509,497,574,525,457,593
2013-05-19,477,499,468,447,481,413,522,481,515,443,484,510,480,471,503,399,559
2013-05-26,468,421,435,502,439,386,595,442,473,481,471,513,484,510,488,366,523
2013-06-02,451,445,427,472,445,407,534,446,456,421,463,447,470,436,428,394,494
2013-06-09,413,369,385,441,437,412,483,427,432,418,414,363,440,485,406,400,462
2013-06-16,353,322,344,368,417,389,466,329,421,331,350,343,436,433,391,350,408
2013-06-23,375,357,377,357,385,347,448,342,395,324,369,372,447,516,378,336,394
2013-06-30,375,372,353,318,349,334,443,378,386,361,381,406,440,465,386,327,379
2013-07-07,351,343,356,300,330,309,408,344,373,316,362,326,399,433,360,338,392
2013-07-14,313,335,314,291,317,285,349,306,347,271,319,291,391,363,351,312,385
2013-07-21,264,266,280,233,292,279,306,281,331,215,251,250,381,310,355,287,378
2013-07-28,255,259,260,251,277,258,277,273,306,249,248,228,354,287,343,252,332
2013-08-04,264,259,268,250,255,235,195,264,288,425,244,225,322,301,314,228,321
2013-08-11,301,271,295,304,274,225,175,257,289,503,273,242,299,341,324,232,314
2013-08-18,324,255,309,428,278,216,206,292,298,582,278,252,280,377,321,269,301
2013-08-25,387,313,330,562,354,232,281,401,336,774,284,329,290,391,338,370,335
2013-09-01,441,308,336,595,403,298,343,521,421,923,350,459,309,446,374,502,373
2013-09-08,515,380,396,679,446,415,302,556,494,1091,445,612,413,573,408,511,424
2013-09-15,669,550,519,726,488,552,399,653,552,1365,619,736,526,701,534,532,579
2013-09-22,799,692,763,769,595,615,619,748,595,1015,811,832,688,855,698,649,864
2013-09-29,862,798,950,835,657,617,823,818,656,968,857,777,720,935,824,660,982
2013-10-06,914,900,966,840,722,603,778,846,733,1013,942,764,733,967,824,669,902
2013-10-13,888,912,940,838,754,607,724,842,732,1000,898,815,758,924,917,635,819
2013-10-20,783,818,844,773,713,628,728,734,704,830,781,773,818,783,840,534,814
2013-10-27,688,678,673,721,660,621,643,684,676,765,683,678,790,734,728,526,796
2013-11-03,737,733,708,692,598,640,692,698,727,880,709,813,715,770,717,579,724
2013-11-10,736,713,664,802,653,674,799,745,760,883,690,761,717,783,674,599,800
2013-11-17,772,741,698,805,713,686,843,780,767,898,750,789,709,774,736,601,990
2013-11-24,784,765,730,770,752,727,898,790,785,919,754,764,710,851,830,578,925
2013-12-01,773,767,686,784,760,683,773,793,747,863,795,760,746,855,819,541,873
2013-12-08,827,800,750,765,825,679,814,831,722,811,823,905,812,924,828,633,843
2013-12-15,820,820,782,886,845,747,837,832,758,846,801,749,875,907,875,615,811
2013-12-22,744,765,752,819,752,690,687,754,744,791,671,740,910,896,853,640,838
2013-12-29,827,825,826,920,702,650,790,846,717,888,775,814,852,935,861,698,1002
2014-01-05,798,780,820,930,757,652,722,784,778,875,722,753,865,936,896,698,1004
2014-01-12,717,725,724,877,716,614,710,683,803,717,665,666,896,833,776,595,801
2014-01-19,808,794,812,968,860,643,883,803,759,824,730,765,851,934,786,641,796
2014-01-26,916,955,902,1090,975,788,916,859,912,1001,807,828,824,1080,904,840,941
2014-02-02,1077,1135,1052,1282,984,853,1089,993,1014,1134,950,1064,986,1186,1035,829,1166
2014-02-09,1149,1147,1116,1354,1112,883,1121,1099,1091,1186,1071,1246,1142,1291,1065,981,1374
2014-02-16,1187,1180,1189,1351,1430,974,1142,1164,1097,1214,1102,1272,1091,1295,1100,1039,1262
2014-02-23,1108,1112,1096,1272,1172,1052,1026,1147,1092,1094,1012,1197,1137,1241,1124,1029,1272
2014-03-02,1138,1201,1100,1290,1207,1037,1032,1083,1084,1063,1122,1217,1036,1206,1295,949,1329
2014-03-09,1018,1043,966,1082,1189,955,876,993,1007,1029,1007,1128,1130,1120,1121,873,1165
2014-03-16,910,848,829,1009,1020,853,747,935,951,957,899,979,1066,1121,991,783,1217
2014-03-23,824,807,764,926,888,834,754,781,934,840,816,828,910,1018,1004,718,937
2014-03-30,768,763,682,809,851,644,757,762,855,730,779,816,818,962,969,758,881
2014-04-06,714,627,689,835,808,602,769,688,819,701,693,802,761,906,860,669,771
2014-04-13,614,550,572,713,686,566,757,579,719,582,597,659,714,806,761,633,721
2014-04-20,555,516,516,677,618,548,629,563,660,549,514,511,681,726,731,576,771
2014-04-27,472,452,443,547,557,500,513,447,594,495,447,446,623,610,720,508,710
2014-05-04,490,469,431,565,542,485,534,459,560,531,506,462,576,600,635,441,585
2014-05-11,491,452,471,556,501,476,492,505,548,539,516,435,514,565,582,407,529
2014-05-18,477,452,465,553,464,487,502,421,521,597,465,471,495,558,591,427,489
2014-05-25,425,390,406,485,449,469,443,426,523,474,436,421,491,513,567,382,496
2014-06-01,468,452,461,516,423,492,449,457,496,543,472,429,484,530,512,387,488
2014-06-08,382,366,373,427,405,463,408,377,477,422,381,391,464,433,487,391,463
2014-06-15,378,331,329,444,386,421,433,386,428,412,388,354,444,435,447,399,440
2014-06-22,416,332,338,480,393,438,503,437,412,496,440,352,439,469,437,387,406
2014-06-29,420,352,343,503,397,424,499,411,408,527,446,362,433,479,413,424,399
2014-07-06,415,324,320,471,409,443,476,426,391,516,446,396,430,540,427,431,416
2014-07-13,398,346,338,450,418,455,446,395,393,457,419,417,415,459,418,401,426
2014-07-20,377,388,368,365,406,428,372,371,372,466,388,416,389,373,388,361,403
2014-07-27,341,349,354,349,387,395,322,327,387,355,324,359,386,393,388,330,395
2014-08-03,330,304,355,328,383,383,315,348,369,395,317,317,369,416,372,308,372
2014-08-10,345,312,353,364,358,356,330,356,359,368,350,343,348,372,377,286,375
2014-08-17,415,413,438,474,345,348,369,377,365,428,417,438,342,371,392,301,361
2014-08-24,444,400,442,515,322,351,471,361,355,465,507,471,346,418,410,336,373
2014-08-31,515,423,429,586,312,350,577,471,387,502,656,424,355,443,427,422,398
2014-09-07,587,462,490,677,353,360,694,529,449,518,761,480,363,575,494,525,440
2014-09-14,643,510,552,768,419,406,692,561,511,680,760,609,385,700,600,627,585
2014-09-21,746,671,698,804,477,499,720,748,610,746,831,642,434,782,755,648,761
2014-09-28,792,768,830,861,602,594,867,801,665,768,803,658,488,856,879,717,823
2014-10-05,910,927,1007,1009,666,719,920,970,718,911,902,908,585,960,928,688,856
2014-10-12,921,906,1004,1022,688,819,969,1010,747,923,873,929,667,968,913,680,828
2014-10-19,939,911,966,1111,756,891,1053,977,789,929,899,851,781,1044,954,685,948
2014-10-26,941,916,935,1102,787,1005,1003,943,810,924,949,935,890,959,1001,771,1002
2014-11-02,991,984,948,1156,789,963,1069,1022,903,961,1053,894,908,1044,1050,785,974
2014-11-09,972,926,853,1158,812,884,1007,963,969,928,1052,892,937,1051,1089,809,979
2014-11-16,949,794,829,1186,817,790,995,957,1057,883,1077,859,900,1019,1053,938,960
2014-11-23,956,892,804,1189,802,820,1043,917,981,913,1029,983,860,996,994,877,1003
2014-11-30,993,882,840,1217,865,873,1132,977,918,996,993,992,883,1117,1040,1032,1046
2014-12-07,1069,1003,938,1380,863,926,1190,1053,956,1105,1134,914,921,1321,1104,903,1055
2014-12-14,1093,996,978,1366,886,897,1189,1149,966,1044,1196,1000,881,1276,1041,976,1128
2014-12-21,1066,1046,953,1303,973,902,1176,1084,995,1054,1133,876,934,1294,1083,944,1180
2014-12-28,1161,1117,1086,1328,1024,980,1245,1187,968,1216,1265,993,978,1282,1138,1136,1287
2015-01-04,1117,1030,997,1316,1027,1001,1228,1126,925,1116,1216,948,989,1257,1151,953,1216
2015-01-11,1029,974,955,1231,967,942,979,1055,871,962,1095,1033,982,1173,1131,981,1201
2015-01-18,1179,1143,1097,1473,982,1086,1091,1147,794,1130,1214,1071,997,1417,1099,1024,1221
2015-01-25,1517,1531,1511,1714,1300,1254,1339,1373,1036,1369,1585,1452,1103,1831,1386,1386,1553
2015-02-01,1853,1903,1793,1995,1653,1559,1559,1756,1290,1728,1860,1928,1368,2299,2209,1492,1844
2015-02-08,2332,2526,2366,2361,1949,1895,1977,2229,1689,2261,2304,2499,1831,2891,2494,2036,2539
2015-02-15,2557,2666,2438,2574,2254,2025,2118,2400,1922,2371,2716,2902,2648,3026,2681,2019,2792
2015-02-22,2344,2391,2180,2386,2242,1994,2323,2251,2051,2235,2455,2362,2839,2564,2810,2009,2996
2015-03-01,1746,1715,1546,2026,1934,1579,1851,1730,1913,1734,1762,1781,2176,2058,2527,1602,2453
2015-03-08,1448,1376,1307,1798,1747,1390,1488,1383,1649,1450,1428,1371,1633,1697,1885,1303,1919
2015-03-15,1085,1005,995,1342,1504,1174,1119,934,1481,1080,1034,989,1362,1445,1573,995,1488
2015-03-22,931,884,844,1147,1226,928,989,897,1390,851,912,780,1135,1211,1223,873,1256
2015-03-29,796,721,736,968,1066,774,856,760,1165,784,789,632,1027,1075,1032,741,1025
2015-04-05,774,734,683,934,938,730,893,748,1021,768,737,551,930,1126,969,752,906
2015-04-12,661,606,560,854,895,656,805,656,887,667,599,666,817,852,962,688,842
2015-04-19,579,533,518,696,833,596,679,589,772,578,515,522,711,897,886,592,786
2015-04-26,542,491,475,665,748,539,578,508,696,530,534,414,661,690,786,553,751
2015-05-03,523,503,435,616,698,532,571,507,610,528,537,420,605,649,704,546,697
2015-05-10,467,425,440,526,630,530,528,484,575,481,439,393,558,544,608,491,631
2015-05-17,501,431,456,599,576,521,563,495,564,552,492,363,514,559,565,446,593
2015-05-24,456,422,462,516,552,490,513,446,540,481,447,384,471,505,518,413,573
2015-05-31,438,363,382,532,511,480,542,384,557,437,442,372,448,481,490,440,547
2015-06-07,434,343,379,492,470,434,532,425,583,424,441,373,443,591,491,449,526
2015-06-14,414,317,345,485,460,415,501,392,556,441,446,390,429,470,475,484,499
2015-06-21,424,370,390,445,448,417,502,375,593,472,431,415,420,544,456,443,473
2015-06-28,366,340,350,422,441,381,422,349,560,371,339,408,409,494,483,402,452
2015-07-05,345,318,314,387,426,380,375,330,533,374,326,344,398,455,439,365,426
2015-07-12,349,318,360,392,407,378,419,320,482,397,315,296,376,455,413,346,404
2015-07-19,332,313,317,409,394,365,424,317,443,360,302,290,376,412,406,343,378
2015-07-26,337,316,335,414,403,353,410,311,434,347,313,275,367,372,382,326,369
2015-08-02,298,262,314,342,379,332,392,293,401,310,261,284,363,358,361,328,373
2015-08-09,279,256,276,319,363,339,350,254,383,285,269,276,353,316,345,323,343
